%YAML:1.0
calibration_time: "2016年01月29日 星期五 13时32分02秒"
image_width: 1920
image_height: 1080
board_width: 9
board_height: 6
square_size: 1.
flags: 4
camera_matrix: !!opencv-matrix
   rows: 3
   cols: 3
   dt: d
   data: [ 1.3573067016245320e+03, 0., 9.5950000000000000e+02, 0.,
       1.3623521348383135e+03, 5.3950000000000000e+02, 0., 0., 1. ]
distortion_coefficients: !!opencv-matrix
   rows: 5
   cols: 1
   dt: d
   data: [ -4.8428863406686190e-01, 4.7936097973274822e-01,
       -1.6948994897040175e-03, 8.2281478829144324e-03,
       -3.7953188122105297e-01 ]
avg_reprojection_error: 3.8430539705643069e-01
