%YAML:1.0
calibration_time: "2016年01月07日 星期四 15时13分35秒"
image_width: 1024
image_height: 768
board_width: 9
board_height: 6
square_size: 1.
flags: 4
camera_matrix: !!opencv-matrix
   rows: 3
   cols: 3
   dt: d
   data: [ 9.8718951919489336e+02, 0., 5.1150000000000000e+02, 0.,
       9.9035616051902946e+02, 3.8350000000000000e+02, 0., 0., 1. ]
distortion_coefficients: !!opencv-matrix
   rows: 5
   cols: 1
   dt: d
   data: [ -4.0379153092687170e-01, 4.6971318889696426e-02,
       -2.2161752003263023e-03, 9.3666302241810512e-03,
       2.5031392999065322e-01 ]
avg_reprojection_error: 4.8894774614143099e-01
