%YAML:1.0
calibration_time: "2016年02月23日 星期二 19时19分43秒"
image_width: 1024
image_height: 768
board_width: 9
board_height: 6
square_size: 1.
flags: 4
camera_matrix: !!opencv-matrix
   rows: 3
   cols: 3
   dt: d
   data: [ 9.6089703883224138e+02, 0., 5.1150000000000000e+02, 0.,
       9.6136290768649769e+02, 3.8350000000000000e+02, 0., 0., 1. ]
distortion_coefficients: !!opencv-matrix
   rows: 5
   cols: 1
   dt: d
   data: [ -4.3475640558368384e-01, 2.0411464607163043e-01,
       -1.1869984167006964e-03, 8.0802958003199418e-03,
       -2.7862174012635806e-02 ]
avg_reprojection_error: 3.3211567383034329e-01
