%YAML:1.0
calibration_time: "2016年02月25日 星期四 11时54分00秒"
image_width: 1280
image_height: 1024
board_width: 9
board_height: 6
square_size: 1.
flags: 4
camera_matrix: !!opencv-matrix
   rows: 3
   cols: 3
   dt: d
   data: [ 1.4705564002696265e+03, 0., 6.3950000000000000e+02, 0.,
       1.4689821815793605e+03, 5.1150000000000000e+02, 0., 0., 1. ]
distortion_coefficients: !!opencv-matrix
   rows: 5
   cols: 1
   dt: d
   data: [ -3.1024240523824309e-01, -7.6890333435972713e-01,
       -3.7359710582044077e-03, 2.5626513509102725e-02,
       2.1575191668768574e+00 ]
avg_reprojection_error: 1.4537238623731089e-01
