%YAML:1.0
mapVertex: [ 1.3252307046979865e+02, 4.1326202460850105e+01,
    1.3026460942158616e+02, 7.2181976744186045e+02,
    9.3290887666928518e+02, 7.3784367635506680e+02,
    9.4601697655618432e+02, 4.2941929399083804e+01 ]
transMatrix: !!opencv-matrix
   rows: 3
   cols: 3
   dt: d
   data: [ 8.4737344576874831e-04, 2.8123210176819323e-06,
       -1.1241275410963991e-01, 1.6913897027840075e-05,
       -8.4722325536176605e-04, 6.0933920747308024e-01,
       2.6526887885682210e-05, -1.9071508156450357e-05, 1. ]
