%YAML:1.0
mapVertex: [ 1.3875353326439159e+02, 6.9163133402275082e+02,
    8.8973932958567548e+02, 7.0137913803872584e+02,
    9.0780459770114931e+02, 6.2577718832891250e+01,
    1.1056119231871595e+02, 2.8215104614502721e+01 ]
transMatrix: !!opencv-matrix
   rows: 3
   cols: 3
   dt: d
   data: [ 9.6209625074910720e-04, -4.0884963859566742e-05,
       -1.0521693799667847e-01, 1.1663376492832516e-05,
       -8.9856453989575389e-04, 6.1985706890702996e-01,
       -4.1391479897481777e-05, -8.6286864327797953e-05, 1. ]
imageCenterInMap: [ 3.9181403173829055e-01, 2.9735143375610168e-01 ]
