%YAML:1.0
mapVertex: [ 1.1726382153249273e+02, 1.0050452634982217e+03,
    1.1928627251104315e+03, 9.8230784913353716e+02,
    1.1577400540749325e+03, 8.0775202780996523e+01,
    1.1580147058823529e+02, 8.5030462184873954e+01 ]
transMatrix: !!opencv-matrix
   rows: 3
   cols: 3
   dt: d
   data: [ 1.1775929335815637e-03, -1.8717750142347236e-06,
       -1.3620783239383594e-01, -2.5527314372731746e-05,
       -1.2075750780582732e-03, 1.2166610727240865e+00,
       -1.8407883870773896e-05, 3.5921740357441000e-05, 1. ]
imageCenterInMap: [ 6.1244269545437668e-01, 5.7822449727143088e-01 ]
