%YAML:1.0
mapVertex: [ 1.1461064176671113e+02, 7.2603927671557722e+02,
    9.1617219973009435e+02, 7.3426666666666665e+02,
    9.2215461684267530e+02, 3.8710127267803955e+01,
    1.0991760144024371e+02, 4.6804874671098183e+01 ]
transMatrix: !!opencv-matrix
   rows: 3
   cols: 3
   dt: d
   data: [ 8.5308937192440665e-04, -5.8942560214732763e-06,
       -9.3493658600600160e-02, 8.6949674767942026e-06,
       -8.4711923806543511e-04, 6.1404532844680471e-01,
       2.9663192602305500e-05, -1.9347248926613225e-05, 1. ]
imageCenterInMap: [ 3.6681912899058267e-01, 3.1538068630892863e-01 ]
