%YAML:1.0
mapVertex: [ 1.2903213386642972e+02, 7.2244765289500958e+02,
    9.3132930723309721e+02, 7.3830126336248782e+02,
    9.4490015170321328e+02, 4.3245207557578262e+01,
    1.3167247820672478e+02, 4.1994603569946037e+01 ]
transMatrix: !!opencv-matrix
   rows: 3
   cols: 3
   dt: d
   data: [ 8.5041437033486430e-04, 3.2998484474306496e-06,
       -1.1211474954355694e-01, 1.6713205599483321e-05,
       -8.4579687462399444e-04, 6.0888740848498335e-01,
       2.6880572289028301e-05, -1.9185323660609829e-05, 1. ]
