%YAML:1.0
mapVertex: [ 1.1192199507032042e+02, 7.2543352182108151e+02,
    9.1317819148936167e+02, 7.3351849037487329e+02,
    9.1896514247846244e+02, 3.8467726971504305e+01,
    1.0703518065743003e+02, 4.6363352349904915e+01 ]
transMatrix: !!opencv-matrix
   rows: 3
   cols: 3
   dt: d
   data: [ 8.5287296713913718e-04, -6.1375613870567132e-06,
       -9.1002852890228692e-02, 8.5485992192178378e-06,
       -8.4720481343355288e-04, 6.1363400444535388e-01,
       2.9057717688725808e-05, -1.9370766821489335e-05, 1. ]
imageCenterInMap: [ 3.4077618142614158e-01, 2.9052298896883905e-01 ]
