%YAML:1.0
mapVertex: [ 1.3157626392459298e+02, 7.3932005141388174e+02,
    9.3611000383288615e+02, 7.2181666027852305e+02,
    9.1724477491961420e+02, 2.6037111468381564e+01,
    1.0714724852477013e+02, 5.9439549883353912e+01 ]
transMatrix: !!opencv-matrix
   rows: 3
   cols: 3
   dt: d
   data: [ 8.5326306373222722e-04, -3.0658882735545769e-05,
       -8.9602438366921555e-02, -1.8395947067904720e-05,
       -8.4555826692128428e-04, 6.2755866567948737e-01,
       2.8199881226782862e-05, -1.1910785689526310e-05, 1. ]
imageCenterInMap: [ 3.3221803520093979e-01, 2.9057912244291995e-01 ]
