%YAML:1.0
mapVertex: [ 0., 0., 0., 0., 0., 0., 0., 0. ]
transMatrix: !!opencv-matrix
   rows: 3
   cols: 3
   dt: d
   data: [ 0., 0., 4.0000000596046448e-01, 0., 0.,
       3.0000001192092896e-01, 0., 0., 1. ]
imageCenterInMap: [ 4.0000000596046448e-01, 3.0000001192092896e-01 ]
