%YAML:1.0
mapVertex: [ 1.4073760067825350e+02, 7.3959050445103856e+02,
    9.4606691729323313e+02, 7.2179122807017541e+02,
    9.2694683441558436e+02, 2.6047348484848484e+01,
    1.1701589293182769e+02, 5.9375017426460332e+01 ]
transMatrix: !!opencv-matrix
   rows: 3
   cols: 3
   dt: d
   data: [ 8.5331114939874689e-04, -2.9758206638488393e-05,
       -9.8084071238269621e-02, -1.8685427457834809e-05,
       -8.4542135607896174e-04, 6.2789535836459476e-01,
       2.7637567910096398e-05, -1.0104661004859067e-05, 1. ]
imageCenterInMap: [ 3.2405594507029384e-01, 2.9070105002453095e-01 ]
