%YAML:1.0
mapVertex: [ 1.0041545893719805e+02, 7.1925120772946855e+02,
    9.1326945039257669e+02, 7.3147775398524857e+02,
    9.2029735935706083e+02, 2.6015690776884806e+01,
    9.9958907605921382e+01, 3.1363705972434914e+01 ]
transMatrix: !!opencv-matrix
   rows: 3
   cols: 3
   dt: d
   data: [ 8.4628450240192929e-04, -5.6167859983560905e-07,
       -8.4576058463213033e-02, 1.2585559105411439e-05,
       -8.3672104945710238e-04, 6.0054885151971693e-01,
       3.1344416631929250e-05, -1.3009906622922052e-05, 1. ]
imageCenterInMap: [ 3.4469352979364698e-01, 2.8257126386448733e-01 ]
