%YAML:1.0
ObstacleMinArea: 250.
ColorMinArea: 50.
TeamAMin: [ 0., 157., 0., 0. ]
TeamAMax: [ 128., 255., 255., 0. ]
TeamBMin: [ 45., 76., 0., 0. ]
TeamBMax: [ 160., 120., 112., 0. ]
TeamNumb1Min: [ 0., 0., 98., 0. ]
TeamNumb1Max: [ 255., 104., 207., 0. ]
TeamNumb2Min: [ 0., 0., 0., 0. ]
TeamNumb2Max: [ 255., 255., 64., 0. ]
CartesianMin: [ 0., 0., 0., 0. ]
CartesianMax: [ 64., 255., 255., 0. ]
