%YAML:1.0
TeamAMin: [ 18., 148., 73., 0. ]
TeamAMax: [ 146., 187., 141., 0. ]
TeamBMin: [ 35., 28., 25., 0. ]
TeamBMax: [ 165., 130., 100., 0. ]
TeamNumb1Min: [ 89., 142., 23., 0. ]
TeamNumb1Max: [ 181., 162., 67., 0. ]
TeamNumb2Min: [ 82., 68., 120., 0. ]
TeamNumb2Max: [ 155., 105., 207., 0. ]
CartesianMin: [ 0., 0., 0., 0. ]
CartesianMax: [ 42., 255., 255., 0. ]
